time,rsdt,rsut,rlut,tas
0001-07-02 12:00:00,340.2505822354906,98.49425023935784,241.48200069027337,287.1204687728945
0002-07-02 12:00:00,340.25058229330455,99.1940673157959,241.3876650047705,287.04817740163065
0003-07-02 12:00:00,340.25058229330455,99.22447384550333,241.1087418704603,286.8948635345528
0004-07-02 12:00:00,340.25058229330455,98.84624391633211,241.1990495246972,287.0120403740193
0005-07-02 12:00:00,340.25058229330455,99.06017564504265,241.55703187645182,287.006371525744
0006-07-02 12:00:00,340.25058229330455,99.40958320537997,241.54263466293355,287.02609657041205
0007-07-02 12:00:00,340.25058229330455,98.98022283500448,241.28348997011608,286.92373032499063
0008-07-02 12:00:00,340.25058229330455,99.1808793958873,241.0625442380882,286.71149042895996
0009-07-02 12:00:00,340.25058229330455,99.14246608453364,241.05971168565256,286.84584757442764
0010-07-02 12:00:00,340.25058229330455,99.34111288645154,241.04122402304085,286.83966758518767
0011-07-02 12:00:00,340.25058229330455,99.10164165282656,241.21411327473865,286.85028724621196
0012-07-02 12:00:00,340.25058229330455,98.88665689275247,241.1913527579243,286.8371716345885
0013-07-02 12:00:00,340.25058229330455,99.02447568390592,240.93352196132352,286.82884627557837
0014-07-02 12:00:00,340.25058229330455,99.10532578477529,241.10390481347358,286.8400098246241
0015-07-02 12:00:00,340.25058229330455,99.09971941193659,241.0816913315147,286.7822487734102
0016-07-02 12:00:00,340.25058229330455,99.06621520545819,240.95075807709202,286.8172108206961
0017-07-02 12:00:00,340.25058229330455,99.16826080449636,240.96472512137782,286.834436981873
0018-07-02 12:00:00,340.25058229330455,99.09528753068423,241.0436772867766,286.87811070515255
0019-07-02 12:00:00,340.25058229330455,98.51738573394151,241.15261902816567,286.9260379178572
0020-07-02 12:00:00,340.25058229330455,98.88821845231872,241.43498952638427,287.0411036086864
0021-07-02 12:00:00,340.25058229330455,99.29042179942269,241.21118138902253,286.9433934695524
0022-07-02 12:00:00,340.25058229330455,99.19308085630509,241.01005848030198,286.82863804060213
0023-07-02 12:00:00,340.25058229330455,98.39364816062393,241.19166344013183,286.9933761044213
0024-07-02 12:00:00,340.25058229330455,98.72412449811702,241.3513966663802,286.9664244914063
0025-07-02 12:00:00,340.25058229330455,98.15125598815983,241.39319697162716,286.9646236617476
0026-07-02 12:00:00,340.25058229330455,99.46368434005092,241.40954926908003,286.995487088366
0027-07-02 12:00:00,340.25058229330455,99.62084212609763,240.92359888373903,286.82839487889265
0028-07-02 12:00:00,340.25058229330455,99.38015659262776,240.88100599809533,286.80348322188877
0029-07-02 12:00:00,340.25058229330455,98.94674327834986,241.19827780539268,286.88634745402885
0030-07-02 12:00:00,340.25058229330455,98.75949910299346,241.24676432764932,286.8537731401815
0031-07-02 12:00:00,340.25058229330455,99.26366073730877,241.2210709854296,286.9458653440399
0032-07-02 12:00:00,340.25058229330455,99.4024924721269,241.11809053179624,286.82394560206154
0033-07-02 12:00:00,340.25058229330455,98.4456017881226,241.00540123625618,286.87446145368114
0034-07-02 12:00:00,340.25058229330455,98.71609173174589,241.39801010791203,287.0268817928661
0035-07-02 12:00:00,340.25058229330455,98.80781212848008,241.24795499478554,286.97658719686746
0036-07-02 12:00:00,340.25058229330455,99.16461363368711,241.49158945928448,286.98620867060873
0037-07-02 12:00:00,340.25058229330455,99.04820417524395,241.0338667272524,286.84872863358925
0038-07-02 12:00:00,340.25058229330455,99.03475025426873,240.94070199688932,286.87647306691525
0039-07-02 12:00:00,340.25058229330455,99.31309214767371,241.28796200499468,286.86753971653826
0040-07-02 12:00:00,340.25058229330455,98.94945839314714,240.98861987393616,286.7625845633525
0041-07-02 12:00:00,340.25058229330455,98.79323790976702,240.932265360851,286.7744346160749
0042-07-02 12:00:00,340.25058229330455,98.57508730449506,241.34950562859774,286.97196905841844
0043-07-02 12:00:00,340.25058229330455,98.99706776028854,241.23766865613956,286.8420237735906
0044-07-02 12:00:00,340.25058229330455,99.38658501147997,241.22205304255465,286.8158568536283
0045-07-02 12:00:00,340.25058229330455,99.03980110912774,240.96263905121978,286.74252055057633
0046-07-02 12:00:00,340.25058229330455,98.6704325718278,241.039675090075,286.90693923404467
0047-07-02 12:00:00,340.25058229330455,98.86374054325317,241.39945526719615,286.992181251182
0048-07-02 12:00:00,340.25058229330455,98.78638924848457,241.1765414301883,286.88873475487634
0049-07-02 12:00:00,340.25058229330455,98.9268467762513,241.2323461215436,287.0170887549532
0050-07-02 12:00:00,340.25058229330455,99.05860197308306,241.08254337476737,286.8475529277479
0051-07-02 12:00:00,340.25058229330455,98.933591738394,241.24004536908606,286.9038296895409
0052-07-02 12:00:00,340.25058229330455,98.70893763312996,241.36180779234985,286.97082321245483
0053-07-02 12:00:00,340.25058229330455,98.79159240222931,241.3655891039366,286.9289077565832
0054-07-02 12:00:00,340.25058229330455,99.27688099115056,241.32950154016137,286.92530527769753
0055-07-02 12:00:00,340.25058229330455,99.1386147271016,241.10566073731306,286.8852177165203
0056-07-02 12:00:00,340.25058229330455,99.43495082338411,241.1679354190144,286.9537347562978
0057-07-02 12:00:00,340.25058229330455,99.81327412150665,240.78080675074867,286.74976330066323
0058-07-02 12:00:00,340.25058229330455,98.99670745223875,240.95886712336812,286.7604827544321
0059-07-02 12:00:00,340.25058229330455,99.60761762003536,241.39887376538755,286.8891404367012
0060-07-02 12:00:00,340.25058229330455,99.61276876535125,240.81545560340467,286.60465068515447
0061-07-02 12:00:00,340.25058229330455,98.86966860436765,240.79034517966872,286.69547266328163
0062-07-02 12:00:00,340.25058229330455,98.9646697240887,241.09768733969713,286.87428012813433
0063-07-02 12:00:00,340.25058229330455,98.62349947041604,240.93565614471,286.8867169609796
0064-07-02 12:00:00,340.25058229330455,98.68008023656908,241.17308932879152,286.9729546661972
0065-07-02 12:00:00,340.25058229330455,98.79357340886776,241.7320550573451,287.0730141498568
0066-07-02 12:00:00,340.25058229330455,98.87118568560754,241.49330718867472,287.0576446230993
0067-07-02 12:00:00,340.25058229330455,99.13843378099278,241.15229288705564,286.8899281053163
0068-07-02 12:00:00,340.25058229330455,99.04618438431207,241.2404280282174,286.8715465617353
0069-07-02 12:00:00,340.25058229330455,98.92409547685308,241.30759586491396,286.8864374880844
0070-07-02 12:00:00,340.25058229330455,98.72864709920945,240.97872168077515,286.8009274254867
0071-07-02 12:00:00,340.25058229330455,99.176496539499,241.42171657910112,286.89278687945796
0072-07-02 12:00:00,340.25058229330455,99.75263646221039,241.05421806550885,286.7668851071756
0073-07-02 12:00:00,340.25058229330455,98.99903560804812,241.45226362512105,286.8946604926739
0074-07-02 12:00:00,340.25058229330455,99.22497971425041,241.09245738177245,286.8570694824221
0075-07-02 12:00:00,340.25058229330455,98.84538747015351,241.29142752010753,286.8714424137143
0076-07-02 12:00:00,340.25058229330455,98.89576404635208,240.9911582941196,286.8250461783254
0077-07-02 12:00:00,340.25058229330455,98.7820664427068,241.28654992041834,286.9134127317178
0078-07-02 12:00:00,340.25058229330455,99.27142997124234,241.26314972798608,286.92588913898027
0079-07-02 12:00:00,340.25058229330455,98.95910518871419,241.19501795776137,286.9889139557236
0080-07-02 12:00:00,340.25058229330455,99.04065545644244,241.11843403944272,286.9566009331971
0081-07-02 12:00:00,340.25058229330455,99.0058980483005,241.21794094931136,286.8630439033821
0082-07-02 12:00:00,340.25058229330455,99.10829096158052,241.0418231176086,286.81605130323294
0083-07-02 12:00:00,340.25058229330455,98.82282094512134,241.2226160440197,286.9423653130925
0084-07-02 12:00:00,340.25058229330455,99.36925019491412,241.3236441443877,286.8757104539852
0085-07-02 12:00:00,340.25058229330455,98.98720924031493,240.84374446360525,286.6708111857584
0086-07-02 12:00:00,340.25058229330455,98.76750249525242,241.1034239731106,286.8535026583488
0087-07-02 12:00:00,340.25058229330455,99.91469296387565,241.22815406086485,286.8919833632387
0088-07-02 12:00:00,340.25058229330455,99.2902139118073,241.12722090086208,286.78264043423496
0089-07-02 12:00:00,340.25058229330455,98.96735221188369,240.88655145922033,286.78212936624396
0090-07-02 12:00:00,340.25058229330455,99.25904780501575,240.85076034368103,286.79975256606633
0091-07-02 12:00:00,340.25058229330455,98.56709523409621,241.03674139557526,286.8587168095151
0092-07-02 12:00:00,340.25058229330455,98.62986346746366,241.09422812721652,286.8850218123794
0093-07-02 12:00:00,340.25058229330455,98.1208373630955,241.5504346447491,287.07408791895244
0094-07-02 12:00:00,340.25058229330455,99.44291995226335,241.64110512727152,287.0578101412946
0095-07-02 12:00:00,340.25058229330455,99.25821832960123,241.10055961346396,286.8024517605285
0096-07-02 12:00:00,340.25058229330455,98.92697324946691,241.04863760965375,286.8507053608558
0097-07-02 12:00:00,340.25058229330455,99.38913596087592,240.97988885280026,286.89728712780317
0098-07-02 12:00:00,340.25058229330455,98.97618053716758,241.1652154373788,286.87051558716547
0099-07-02 12:00:00,340.25058229330455,98.62119802427992,241.64409336635592,287.08418805492283
0100-07-02 12:00:00,340.25058229330455,99.57929035741482,241.37524787798404,286.98700246660326
0101-07-02 12:00:00,340.25058229330455,99.22672488165762,241.28286327411152,286.83426744158794
0102-07-02 12:00:00,340.25058229330455,98.83563486339176,241.30872963261754,286.95337297816906
0103-07-02 12:00:00,340.25058229330455,98.5422354510632,241.39809467513285,287.0102931893606
0104-07-02 12:00:00,340.25058229330455,98.98061232476647,241.02790632553493,286.8427296692409
0105-07-02 12:00:00,340.25058229330455,98.87056885787531,241.11543562976212,286.85676591153674
0106-07-02 12:00:00,340.25058229330455,99.05781182405588,241.43872301304563,286.98242087664
0107-07-02 12:00:00,340.25058229330455,99.45738509629469,241.26052953523666,286.90920539178944
0108-07-02 12:00:00,340.25058229330455,98.8089313037057,241.15385349539747,286.8131819997498
0109-07-02 12:00:00,340.25058229330455,98.67730429243602,240.99883015096407,286.80756231234125
0110-07-02 12:00:00,340.25058229330455,99.1763481767578,241.3368612176886,286.88296130893656
0111-07-02 12:00:00,340.25058229330455,99.09485221530478,240.84474307142207,286.8040446605589
0112-07-02 12:00:00,340.25058229330455,98.73960590611568,241.14574686194172,286.9238866729685
0113-07-02 12:00:00,340.25058229330455,98.8387377501124,241.34546829571954,286.9207798705092
0114-07-02 12:00:00,340.25058229330455,98.83677753622237,241.46693915059868,287.00395643203547
0115-07-02 12:00:00,340.25058229330455,99.01892446584667,241.20531958591286,286.9297991369137
0116-07-02 12:00:00,340.25058229330455,99.0601753357959,241.27066585662647,286.93072860766375
0117-07-02 12:00:00,340.25058229330455,99.02330647861221,241.18412216767578,286.97146419867715
0118-07-02 12:00:00,340.25058229330455,98.89428405851807,241.53452844982837,287.04171532418883
0119-07-02 12:00:00,340.25058229330455,98.84164627701784,241.0964366554356,286.89283262314336
0120-07-02 12:00:00,340.25058229330455,99.0601463949024,241.22810427707864,287.0363269855498
0121-07-02 12:00:00,340.25058229330455,98.74013878752565,241.06374208262181,286.99972992410727
0122-07-02 12:00:00,340.25058229330455,99.32449709262369,241.71164251040148,287.14251420132604
0123-07-02 12:00:00,340.25058229330455,98.72794475959455,241.2216646611332,286.90177650719795
0124-07-02 12:00:00,340.25058229330455,98.45543098031037,241.50963980277095,287.02698771828005
0125-07-02 12:00:00,340.25058229330455,99.5252742990137,241.2900703047384,286.94507478742145
0126-07-02 12:00:00,340.25058229330455,99.32551133551264,241.00509989887428,286.79894051724943
0127-07-02 12:00:00,340.25058229330455,98.67708070064708,240.93001946310096,286.9020977347762
0128-07-02 12:00:00,340.25058229330455,99.19333167416943,241.1805238191648,286.942103670338
0129-07-02 12:00:00,340.25058229330455,98.80023326800072,241.2152835985586,286.8729174951724
0130-07-02 12:00:00,340.25058229330455,98.99909603240508,241.02162666087054,286.8765282398559
0131-07-02 12:00:00,340.25058229330455,99.11107506975522,241.17074116440065,286.95543279709983
0132-07-02 12:00:00,340.25058229330455,98.8019527441176,241.37190288684062,286.8782980721674
0133-07-02 12:00:00,340.25058229330455,98.48849619103243,241.24426558522035,287.0230724015921
0134-07-02 12:00:00,340.25058229330455,98.89699129341011,241.0286539138865,286.8759505906205
0135-07-02 12:00:00,340.25058229330455,98.58168427347954,241.41924043298897,286.9932160432973
0136-07-02 12:00:00,340.25058229330455,98.97417347680461,241.6602918179162,287.10115230071796
0137-07-02 12:00:00,340.25058229330455,98.7324700149846,241.7887575401584,287.2156170810692
0138-07-02 12:00:00,340.25058229330455,98.85371736936874,241.78910065098833,287.2236964312221
0139-07-02 12:00:00,340.25058229330455,99.23370692903778,241.5028810688007,287.0585300279195
0140-07-02 12:00:00,340.25058229330455,98.70430252527154,241.47640041828876,287.0617779088106
0141-07-02 12:00:00,340.25058229330455,99.31258614866546,241.16601161323095,286.87754927085945
0142-07-02 12:00:00,340.25058229330455,98.77487094378368,240.8413622305906,286.80758083096015
0143-07-02 12:00:00,340.25058229330455,98.62719270291309,241.1480367209325,286.9781254773089
0144-07-02 12:00:00,340.25058229330455,99.32943932074143,241.74770073065565,287.03936311943716
0145-07-02 12:00:00,340.25058229330455,98.81853565986098,241.32984302621924,286.9285175920447
0146-07-02 12:00:00,340.25058229330455,98.96168824418113,241.1216106628135,286.86539562587257
0147-07-02 12:00:00,340.25058229330455,98.34546328776408,241.28747235993936,286.97238603500244
0148-07-02 12:00:00,340.25058229330455,98.74342330899566,241.66834411136696,287.0515245807697
0149-07-02 12:00:00,340.25058229330455,98.38915545079071,241.50743665109667,287.0897860741225
0150-07-02 12:00:00,340.25058229330455,98.99889776892779,241.5931683272751,287.10002956290054
0151-07-02 12:00:00,340.25058229330455,99.1307829549361,241.27637262268888,286.90698527575324
0152-07-02 12:00:00,340.25058229330455,99.5027014810102,241.4422150335943,286.9147313357995
0153-07-02 12:00:00,340.25058229330455,99.32608122911903,240.9654028758641,286.7502885772528
0154-07-02 12:00:00,340.25058229330455,99.03140374494636,240.93714364498433,286.8706056711935
0155-07-02 12:00:00,340.25058229330455,99.04096723328308,241.52996974083612,286.89019860488423
0156-07-02 12:00:00,340.25058229330455,98.52297668875987,241.10253259628408,286.9714571166917
0157-07-02 12:00:00,340.25058229330455,98.46441926477912,241.20710824588437,287.0928044281548
0158-07-02 12:00:00,340.25058229330455,99.41479373936262,241.49748535127196,287.10693020582477
0159-07-02 12:00:00,340.25058229330455,99.17691578561687,241.62366255022837,287.02190533939626
0160-07-02 12:00:00,340.25058229330455,98.24179131118369,241.12809076939615,286.9293897107196
0161-07-02 12:00:00,340.25058229330455,98.3717033380682,241.20307392033752,286.99507679649577
0162-07-02 12:00:00,340.25058229330455,99.09938060569817,241.54105046847778,287.09451184189726
0163-07-02 12:00:00,340.25058229330455,99.02201049473571,241.37385233355494,286.97548447826773
0164-07-02 12:00:00,340.25058229330455,98.94292750312839,241.31248132002847,286.965142685541
0165-07-02 12:00:00,340.25058229330455,98.68551982499861,241.20016601984688,286.9636436192656
0166-07-02 12:00:00,340.25058229330455,98.30773542311054,241.38910101027807,287.08445507382794
0167-07-02 12:00:00,340.25058229330455,98.6205913812193,241.67300114791556,287.0909166688382
0168-07-02 12:00:00,340.25058229330455,98.13300662161681,241.670152355216,287.05268647105936
0169-07-02 12:00:00,340.25058229330455,98.99045039734783,241.31869025748176,286.9817590054602
0170-07-02 12:00:00,340.25058229330455,98.42406819419892,241.49535663647228,287.06182736310876
0171-07-02 12:00:00,340.25058229330455,99.28328709238541,241.63821066121457,287.05134506226557
0172-07-02 12:00:00,340.25058229330455,98.52230011386263,241.74984973567697,287.1156136551572
0173-07-02 12:00:00,340.25058229330455,98.77009665516094,241.4252893572616,287.070998224568
0174-07-02 12:00:00,340.25058229330455,98.94157913338995,241.21627149445362,286.8547427839612
0175-07-02 12:00:00,340.25058229330455,98.38722931596186,241.2890921240678,287.11485893177286
0176-07-02 12:00:00,340.25058229330455,99.08076250155052,241.77537301615976,287.09939527833143
0177-07-02 12:00:00,340.25058229330455,99.17537722617298,241.28497458298713,286.9719719516062
0178-07-02 12:00:00,340.25058229330455,98.8939333276302,241.1962756763592,286.8576203481262
0179-07-02 12:00:00,340.25058229330455,98.98785917296198,240.89370819318367,286.93615091995997
0180-07-02 12:00:00,340.25058229330455,98.64409408989991,241.31789933366306,287.0184020416895
0181-07-02 12:00:00,340.25058229330455,98.8003410284767,241.9449137486289,287.20270509879293
0182-07-02 12:00:00,340.25058229330455,99.21278114979208,241.33835511398192,286.9249477330878
0183-07-02 12:00:00,340.25058229330455,99.03926193109415,240.93191682442284,286.7572189472122
0184-07-02 12:00:00,340.25058229330455,98.5026294591196,240.9116575848379,286.78514959166915
0185-07-02 12:00:00,340.25058229330455,98.46079642869778,241.26662665184622,287.0707376043977
0186-07-02 12:00:00,340.25058229330455,98.98540638872169,241.7276059898874,287.2115808995282
0187-07-02 12:00:00,340.25058229330455,99.46558008288049,241.46634638150636,287.0231525039628
0188-07-02 12:00:00,340.25058229330455,98.93599451282735,240.98463525859498,286.851222829894
0189-07-02 12:00:00,340.25058229330455,99.24083098247816,240.99341234996942,286.8436159908878
0190-07-02 12:00:00,340.25058229330455,98.36712328726087,241.43375342904065,286.9747566011741
0191-07-02 12:00:00,340.25058229330455,99.02274554531228,241.26426843774888,286.93766028089624
0192-07-02 12:00:00,340.25058229330455,98.72849639366682,241.3601911975029,286.9200963746545
0193-07-02 12:00:00,340.25058229330455,98.96057271146037,241.22911475885545,286.93754142993174
0194-07-02 12:00:00,340.25058229330455,98.77165126474235,241.32129288509296,286.9342540991172
0195-07-02 12:00:00,340.25058229330455,98.53597806433864,241.22502494694743,287.02589732436115
0196-07-02 12:00:00,340.25058229330455,99.59355770847618,241.5750268265042,287.0553084706328
0197-07-02 12:00:00,340.25058229330455,98.73559052890516,241.4642558029187,287.0883910526962
0198-07-02 12:00:00,340.25058229330455,99.34720213138017,241.149680708104,286.91081511146774
0199-07-02 12:00:00,340.25058229330455,98.81984723537481,241.14430198710295,286.8633248454292
0200-07-02 12:00:00,340.25058229330455,98.95523741328854,241.10746893891215,286.88863684451536
0201-07-02 12:00:00,340.25058229330455,99.08172505283939,241.16394404611148,286.9128559670632
0202-07-02 12:00:00,340.25058229330455,98.60091761339227,241.31844412800547,286.92149281319064
0203-07-02 12:00:00,340.25058229330455,99.28101142992125,241.2096782125917,286.9300932598131
0204-07-02 12:00:00,340.25058229330455,99.22991790470985,241.05242634230004,286.84297423281413
0205-07-02 12:00:00,340.25058229330455,98.45587739572863,241.36303172845024,286.90285889741864
0206-07-02 12:00:00,340.25058229330455,99.03134486942277,241.3004089866022,286.943286213753
0207-07-02 12:00:00,340.25058229330455,98.59288830434882,241.3421536022519,286.98651339722477
0208-07-02 12:00:00,340.25058229330455,98.82944169120653,240.97979701911672,286.9095692958935
0209-07-02 12:00:00,340.25058229330455,98.79328539026731,241.34102670805314,287.0150471519452
0210-07-02 12:00:00,340.25058229330455,98.7273183189908,241.48050992412618,287.08664958734715
0211-07-02 12:00:00,340.25058229330455,98.9016029903777,241.24656527516728,286.99308677394373
0212-07-02 12:00:00,340.25058229330455,98.88085534244767,241.54353607003824,287.04645833248554
0213-07-02 12:00:00,340.25058229330455,98.76850214176874,241.48043289966438,286.9605930763192
0214-07-02 12:00:00,340.25058229330455,98.92098945686968,241.2245773689007,287.0457859074559
0215-07-02 12:00:00,340.25058229330455,98.48620758266465,241.5551595573121,287.1627181885065
0216-07-02 12:00:00,340.25058229330455,99.22050563241838,241.88525321141424,287.07697146479205
0217-07-02 12:00:00,340.25058229330455,98.85754747080553,241.2819574287381,286.95703827342373
0218-07-02 12:00:00,340.25058229330455,98.79417706197036,241.43339612288926,287.07696775839975
0219-07-02 12:00:00,340.25058229330455,98.82546443592271,241.31355488788495,287.06968319472645
0220-07-02 12:00:00,340.25058229330455,99.17946447256968,241.45605876440266,287.03529798193796
0221-07-02 12:00:00,340.25058229330455,98.63537336677372,241.3229860973,286.9371789412746
0222-07-02 12:00:00,340.25058229330455,98.68507852036346,241.1887330326861,286.9398035015987
0223-07-02 12:00:00,340.25058229330455,98.63785898650714,241.53952790898904,287.08077333810064
0224-07-02 12:00:00,340.25058229330455,99.04774559245452,241.70386579794305,287.16190515640665
0225-07-02 12:00:00,340.25058229330455,99.3453822505557,241.2965016387651,286.96795654757074
0226-07-02 12:00:00,340.25058229330455,98.76165512786554,241.34202117926034,286.95171112717276
0227-07-02 12:00:00,340.25058229330455,99.30217009371863,241.73820723325295,287.05801245944855
0228-07-02 12:00:00,340.25058229330455,98.9095945823283,241.40354091977463,286.99790165178337
0229-07-02 12:00:00,340.25058229330455,99.10120229371115,241.01658058755447,286.86936011609515
0230-07-02 12:00:00,340.25058229330455,99.40691413843426,241.143407746702,286.90357180041195
0231-07-02 12:00:00,340.25058229330455,98.40099949840936,241.26990537794174,286.9914821126023
0232-07-02 12:00:00,340.25058229330455,99.04440244067364,241.65095890937639,286.99543823913285
0233-07-02 12:00:00,340.25058229330455,98.6154818362623,241.2211414413964,286.8710865731031
0234-07-02 12:00:00,340.25058229330455,98.86048932728512,241.1703978917852,286.8852385743539
0235-07-02 12:00:00,340.25058229330455,99.14334882844628,241.0283360403165,286.9294407681505
0236-07-02 12:00:00,340.25058229330455,98.84821732335864,241.44866118753916,287.0403095924086
0237-07-02 12:00:00,340.25058229330455,98.88192828693208,241.4430791770893,286.9280112508634
0238-07-02 12:00:00,340.25058229330455,98.50482582702737,241.7408089028555,287.1230753057145
0239-07-02 12:00:00,340.25058229330455,98.90495072793505,241.67890062237313,287.0035876136687
0240-07-02 12:00:00,340.25058229330455,99.0189533101066,241.13617325974477,286.9957111072766
0241-07-02 12:00:00,340.25058229330455,99.10467204095825,241.40893423454682,287.0636209399966
0242-07-02 12:00:00,340.25058229330455,99.06712762607383,241.49209414241977,286.9810647994489
0243-07-02 12:00:00,340.25058229330455,98.91715045888903,241.1320489959827,286.94045061927505
0244-07-02 12:00:00,340.25058229330455,99.0474530637935,241.4139207781914,286.9664146299354
0245-07-02 12:00:00,340.25058229330455,99.01246577370834,241.10311507887081,286.8492616053726
0246-07-02 12:00:00,340.25058229330455,98.50782478405647,240.95939832145993,286.8107761629977
0247-07-02 12:00:00,340.25058229330455,99.02607916707183,241.7014018579828,287.164377594535
0248-07-02 12:00:00,340.25058229330455,98.64135593559463,241.2665165658027,286.9823120648643
0249-07-02 12:00:00,340.25058229330455,98.78634452371158,241.08938155365732,286.95475076289233
0250-07-02 12:00:00,340.25058229330455,98.68018847778126,241.73956480117909,287.0976905349792
0251-07-02 12:00:00,340.25058229330455,98.91220714504045,241.6919584833412,287.030711902279
0252-07-02 12:00:00,340.25058229330455,99.12505885868207,241.0703328174584,286.91702281581496
0253-07-02 12:00:00,340.25058229330455,98.88016793754286,241.1504855880348,286.88506366395717
0254-07-02 12:00:00,340.25058229330455,99.40342543896408,241.15753642829964,286.87640641191484
0255-07-02 12:00:00,340.25058229330455,99.26396276357143,241.1129056334404,286.8338390769822
0256-07-02 12:00:00,340.25058229330455,98.76990289056766,241.31240613757336,286.88357106265136
0257-07-02 12:00:00,340.25058229330455,98.77653547466288,241.15345770884892,286.840516031606
0258-07-02 12:00:00,340.25058229330455,98.58541309039855,241.6469872796342,287.0299417537279
0259-07-02 12:00:00,340.25058229330455,98.95658869664025,241.39640401177144,286.8722149773284
0260-07-02 12:00:00,340.25058229330455,98.48295329931504,241.51881218841234,287.01876595658854
0261-07-02 12:00:00,340.25058229330455,98.91735446767386,241.5220274258015,287.06704109741344
0262-07-02 12:00:00,340.25058229330455,98.84924278304027,241.38382835199025,287.01226018378685
0263-07-02 12:00:00,340.25058229330455,99.12312990557537,241.45755286856465,286.95885152658917
0264-07-02 12:00:00,340.25058229330455,99.51586370632508,241.16267978651638,286.9006199350426
0265-07-02 12:00:00,340.25058229330455,98.77239207350908,241.2798726845606,286.85248802637926
0266-07-02 12:00:00,340.25058229330455,99.2242559313258,241.03509284845782,286.88772744906777
0267-07-02 12:00:00,340.25058229330455,98.79123737717164,241.18240274520636,286.9332254771033
0268-07-02 12:00:00,340.25058229330455,98.46379709929664,241.64312709319043,287.09268722411485
0269-07-02 12:00:00,340.25058229330455,98.86858047065084,241.48375504328507,287.10010971730816
0270-07-02 12:00:00,340.25058229330455,98.76069739295339,241.4695867145365,286.963682503943
0271-07-02 12:00:00,340.25058229330455,98.80972852260845,241.56711740582332,286.994241505175
0272-07-02 12:00:00,340.25058229330455,99.42698092214401,240.93042463826143,286.74133164354583
0273-07-02 12:00:00,340.25058229330455,98.81784908691706,241.09902998915663,286.9086192441786
0274-07-02 12:00:00,340.25058229330455,99.25998483217501,241.2709124247682,286.9096529576638
0275-07-02 12:00:00,340.25058229330455,99.17991800399768,241.08498721190438,286.8922559982401
0276-07-02 12:00:00,340.25058229330455,98.27811363362223,241.68438375661367,287.0254595236476
0277-07-02 12:00:00,340.25058229330455,98.8628334660129,241.34058026500895,286.9530342084486
0278-07-02 12:00:00,340.25058229330455,98.57508463888674,241.31055209729342,286.9707274707337
0279-07-02 12:00:00,340.25058229330455,98.09614765109836,241.40866244943916,287.06619142019207
0280-07-02 12:00:00,340.25058229330455,98.72311305972083,242.00324559636067,287.3206725329261
0281-07-02 12:00:00,340.25058229330455,99.47391434739122,241.58162662024642,287.02258441360766
0282-07-02 12:00:00,340.25058229330455,98.49862586542116,241.50972254336898,287.0995524247199
0283-07-02 12:00:00,340.25058229330455,98.8399433253676,241.80224249292482,287.1735466316166
0284-07-02 12:00:00,340.25058229330455,98.80030211768911,241.65083199276899,287.09393704416715
0285-07-02 12:00:00,340.25058229330455,99.2095851890238,241.17224161475383,286.9435234896331
0286-07-02 12:00:00,340.25058229330455,98.80402258435767,241.34417522809508,286.876519781594
0287-07-02 12:00:00,340.25058229330455,98.54894920346779,241.2765140245327,286.9869867614267
0288-07-02 12:00:00,340.25058229330455,99.49254621791471,241.6150153853699,287.0121702157441
0289-07-02 12:00:00,340.25058229330455,98.51295088472556,241.25285855478023,286.90130211193
0290-07-02 12:00:00,340.25058229330455,98.96216106628248,241.14171149603715,286.8898723714071
0291-07-02 12:00:00,340.25058229330455,99.31459512510509,241.18506348336768,286.91718884160645
0292-07-02 12:00:00,340.25058229330455,98.92393880838706,240.7333398670968,286.73361843163184
0293-07-02 12:00:00,340.25058229330455,99.00434771210355,240.93914507886745,286.7589530334055
0294-07-02 12:00:00,340.25058229330455,98.75158910412144,241.4093066677773,287.0225216745
0295-07-02 12:00:00,340.25058229330455,99.07507577220944,241.51267393394212,286.9328055872058
0296-07-02 12:00:00,340.25058229330455,98.56321716117823,241.33107104895532,286.92000907738395
0297-07-02 12:00:00,340.25058229330455,98.96172572007823,241.213454883494,286.8819312385138
0298-07-02 12:00:00,340.25058229330455,98.81888068362856,240.97437763871628,286.87228469904466
0299-07-02 12:00:00,340.25058229330455,99.29355239766006,241.06302003640454,286.86520584217055
0300-07-02 12:00:00,340.25058229330455,99.18126544299969,241.1403193178651,286.8592905960366
0301-07-02 12:00:00,340.25058229330455,98.83033019020444,241.22864691397038,286.96736310751
0302-07-02 12:00:00,340.25058229330455,98.95963230914707,241.33020105584953,286.9908106893281
0303-07-02 12:00:00,340.25058229330455,98.94981498831436,241.30229348989724,286.86829072574636
0304-07-02 12:00:00,340.25058229330455,98.53036864708372,240.97483081767257,286.8790797545766
0305-07-02 12:00:00,340.25058229330455,98.87396271523284,241.46954495819816,286.93303361741897
0306-07-02 12:00:00,340.25058229330455,98.60476096833504,241.2015069937285,286.95358242283146
0307-07-02 12:00:00,340.25058229330455,98.9082538996884,241.6466466772633,287.0232933114714
0308-07-02 12:00:00,340.25058229330455,98.63954205531711,241.51563149177125,286.9358405840664
0309-07-02 12:00:00,340.25058229330455,98.64891563778708,241.42549002112978,287.05612418491495
0310-07-02 12:00:00,340.25058229330455,98.99031680454824,241.3849444460797,286.94005371790473
0311-07-02 12:00:00,340.25058229330455,99.09566510758744,241.47281394302934,287.03541285343937
0312-07-02 12:00:00,340.25058229330455,98.79959357093183,241.14376127833603,286.90831627688567
0313-07-02 12:00:00,340.25058229330455,98.51857649599496,241.42442091182292,287.03622715897365
0314-07-02 12:00:00,340.25058229330455,98.95888679889372,241.48733931025865,287.0606272311466
0315-07-02 12:00:00,340.25058229330455,98.88497075131232,241.53508644311364,286.9681890787336
0316-07-02 12:00:00,340.25058229330455,98.76945641423083,241.4483520924347,286.9597641370388
0317-07-02 12:00:00,340.25058229330455,98.70594832490434,241.329382019028,286.90502450825363
0318-07-02 12:00:00,340.25058229330455,98.8917411198979,241.28007471067443,286.94253883887154
0319-07-02 12:00:00,340.25058229330455,99.25995244666537,241.1870617339189,286.8743281793722
0320-07-02 12:00:00,340.25058229330455,98.69282435637491,241.31954012814558,286.91558844819
0321-07-02 12:00:00,340.25058229330455,99.01339640032934,241.40277450526548,286.9543552571925
0322-07-02 12:00:00,340.25058229330455,98.88039893772674,241.69533958224903,287.13536640915135
0323-07-02 12:00:00,340.25058229330455,98.62603976368757,241.52330438430616,286.9824930529941
0324-07-02 12:00:00,340.25058229330455,98.85386309173758,241.5570779746838,287.0348302977168
0325-07-02 12:00:00,340.25058229330455,98.90542646803671,241.06884044569787,286.8883221783117
0326-07-02 12:00:00,340.25058229330455,98.06694503705931,241.25735742973384,286.973120221342
0327-07-02 12:00:00,340.25058229330455,98.30351569368014,241.46377371365057,287.07333873417406
0328-07-02 12:00:00,340.25058229330455,98.81287955986119,241.63886269197,287.13637003663894
0329-07-02 12:00:00,340.25058229330455,98.84460169742003,241.48743900199452,287.1155483216958
0330-07-02 12:00:00,340.25058229330455,98.72122994450642,241.90826919310996,287.29503284726457
0331-07-02 12:00:00,340.25058229330455,98.87316988511789,241.84131296417453,287.1857839080791
0332-07-02 12:00:00,340.25058229330455,98.28740970624023,241.4979792222634,287.0743296054344
0333-07-02 12:00:00,340.25058229330455,98.78197295706241,241.65297847114755,287.1698518143627
0334-07-02 12:00:00,340.25058229330455,98.58102848659955,241.506433879541,287.030582310502
0335-07-02 12:00:00,340.25058229330455,98.54254101632966,241.43235882977555,287.0176846697415
0336-07-02 12:00:00,340.25058229330455,99.09587895860307,241.4387462967319,287.0064125944836
0337-07-02 12:00:00,340.25058229330455,99.00342714206181,241.28475500523152,286.9474858829331
0338-07-02 12:00:00,340.25058229330455,98.7559404627781,241.3320496335795,286.9672182791149
0339-07-02 12:00:00,340.25058229330455,98.97547675674711,241.23756214429284,286.98979599465457
0340-07-02 12:00:00,340.25058229330455,98.83452921587917,241.40569626410854,287.01604302099594
0341-07-02 12:00:00,340.25058229330455,98.24467384976124,241.7095767512756,287.0866259183293
0342-07-02 12:00:00,340.25058229330455,98.82281465957045,241.16367168120243,286.85821767084235
0343-07-02 12:00:00,340.25058229330455,98.59901671676988,241.28879231344294,286.90848984531885
0344-07-02 12:00:00,340.25058229330455,99.20798118419049,241.454658692503,286.94700163799956
0345-07-02 12:00:00,340.25058229330455,98.69720265471483,241.2665988549796,286.9436888628243
0346-07-02 12:00:00,340.25058229330455,98.49710468152101,241.41263957636977,286.96258801148093
0347-07-02 12:00:00,340.25058229330455,98.98129978078889,241.44516924855077,287.02340747596526
0348-07-02 12:00:00,340.25058229330455,99.13697943375486,241.3422745630462,286.9496597225296
0349-07-02 12:00:00,340.25058229330455,99.38597104769387,241.186702086561,286.8936420892497
0350-07-02 12:00:00,340.25058229330455,98.36152242041476,241.64273799268287,287.0691006431044
0351-07-02 12:00:00,340.25058229330455,98.8437729811161,241.46611482688698,287.06351073848845
0352-07-02 12:00:00,340.25058229330455,98.83269008394511,241.39063015177894,286.976883998808
0353-07-02 12:00:00,340.25058229330455,98.84153239517646,241.57944748675672,287.05760982841406
0354-07-02 12:00:00,340.25058229330455,99.15198086782232,241.68915580481277,287.0673036115127
0355-07-02 12:00:00,340.25058229330455,98.96119765325595,241.5519545501829,286.95789853659545
0356-07-02 12:00:00,340.25058229330455,98.92801371257356,241.07355395563084,286.86654776697776
0357-07-02 12:00:00,340.25058229330455,98.59424848977409,241.37762203885327,286.892749583166
0358-07-02 12:00:00,340.25058229330455,99.16545057544234,240.95563499551554,286.8331364179407
0359-07-02 12:00:00,340.25058229330455,98.84381050051438,241.20076927784035,286.8990267463073
0360-07-02 12:00:00,340.25058229330455,98.97570116589817,241.20141381596054,286.937503297073
0361-07-02 12:00:00,340.25058229330455,99.0398038589563,241.29467611155476,286.8775744310874
0362-07-02 12:00:00,340.25058229330455,99.25499790068899,241.16208994255953,286.8819489690097
0363-07-02 12:00:00,340.25058229330455,98.58803192820733,241.17621383586334,286.93706411704505
0364-07-02 12:00:00,340.25058229330455,99.0471071885972,241.25952220378528,286.9625144947306
0365-07-02 12:00:00,340.25058229330455,99.02600656735832,241.4785361955834,286.9457958692269
0366-07-02 12:00:00,340.25058229330455,99.2117188738622,241.11283896337645,286.9302135785997
0367-07-02 12:00:00,340.25058229330455,99.40035995135065,241.34482945929017,286.96019419247136
0368-07-02 12:00:00,340.25058229330455,98.71741580683799,240.98206596911177,286.86249565051065
0369-07-02 12:00:00,340.25058229330455,98.47601555181956,241.3732202814721,287.0076958590028
0370-07-02 12:00:00,340.25058229330455,99.00667609457092,241.60124650122907,287.09477641885536
0371-07-02 12:00:00,340.25058229330455,98.70162562968908,241.45640203833955,286.89682164140754
0372-07-02 12:00:00,340.25058229330455,99.00505803611783,241.17095815570102,286.8753683109782
0373-07-02 12:00:00,340.25058229330455,98.98962087908534,241.1489563351614,286.84387528927846
0374-07-02 12:00:00,340.25058229330455,99.45724611295202,241.03650827043472,286.8417674252912
0375-07-02 12:00:00,340.25058229330455,98.36910585215185,241.32269430799798,286.9644107237624
0376-07-02 12:00:00,340.25058229330455,99.69500458596923,241.47771533403852,286.9239081747682
0377-07-02 12:00:00,340.25058229330455,98.85912089901927,241.25864760028958,286.9129801384176
0378-07-02 12:00:00,340.25058229330455,98.68096330542636,241.5284033890407,287.0347728728082
0379-07-02 12:00:00,340.25058229330455,98.01368408772272,241.44332066395157,287.08710402025724
0380-07-02 12:00:00,340.25058229330455,98.45334074348285,241.62758507691828,287.2002438564526
0381-07-02 12:00:00,340.25058229330455,98.66994638027415,241.7506623124648,287.1711904847455
0382-07-02 12:00:00,340.25058229330455,99.04103478877092,241.6424517659378,287.11768547275244
0383-07-02 12:00:00,340.25058229330455,98.28679165443181,241.42347267225952,287.1137751369087
0384-07-02 12:00:00,340.25058229330455,98.72316484610093,241.54373640664744,287.13473059342317
0385-07-02 12:00:00,340.25058229330455,99.00715264260184,241.46724010297268,287.08833034670266
0386-07-02 12:00:00,340.25058229330455,99.25360320224566,241.26576894497285,286.9023149145298
0387-07-02 12:00:00,340.25058229330455,99.39538259085651,241.32529383684525,286.9725068234184
0388-07-02 12:00:00,340.25058229330455,99.02915098558545,241.29553533779827,286.94823372320144
0389-07-02 12:00:00,340.25058229330455,98.92633238952698,241.24025389608252,286.9766401556083
0390-07-02 12:00:00,340.25058229330455,99.73741182389297,241.45707147244244,286.8371201174653
0391-07-02 12:00:00,340.25058229330455,99.24466915636832,240.63765817214573,286.59774987909276
0392-07-02 12:00:00,340.25058229330455,98.68807836398067,240.77302245344006,286.6961019050133
0393-07-02 12:00:00,340.25058229330455,98.527673942119,241.4140920786042,286.89806471189996
0394-07-02 12:00:00,340.25058229330455,99.14818456797083,241.30128898375222,286.9342508705127
0395-07-02 12:00:00,340.25058229330455,98.60338642028086,241.32157273059872,286.9954610159636
0396-07-02 12:00:00,340.25058229330455,99.56472622972666,241.80944176297018,287.1372414479592
0397-07-02 12:00:00,340.25058229330455,98.92890463175672,240.97037461419973,286.86682489894025
0398-07-02 12:00:00,340.25058229330455,98.74185244627863,241.1954815488756,286.8920584419865
0399-07-02 12:00:00,340.25058229330455,98.78867510078258,241.18735804579285,286.9972759904086
0400-07-02 12:00:00,340.25058229330455,98.91446175927554,241.39215649427487,287.00343422062326
0401-07-02 12:00:00,340.25058229330455,98.40150994415403,241.49435451876664,287.1516821689858
0402-07-02 12:00:00,340.25058229330455,99.26233371209594,241.5516665004545,287.0757023353597
0403-07-02 12:00:00,340.25058229330455,98.72972408762196,241.47165416762815,286.9726448170595
0404-07-02 12:00:00,340.25058229330455,99.22768582416883,241.565095074771,287.0698400794324
0405-07-02 12:00:00,340.25058229330455,98.69670316047,241.35705422688682,287.05883676735544
0406-07-02 12:00:00,340.25058229330455,98.78983611507668,241.4027045754838,287.0749365208731
0407-07-02 12:00:00,340.25058229330455,99.11081575728105,241.34362474822964,286.9351614697122
0408-07-02 12:00:00,340.25058229330455,99.16958355020965,241.3237629906623,286.8637318774362
0409-07-02 12:00:00,340.25058229330455,98.79204337510176,241.1696500388059,286.94681448062596
0410-07-02 12:00:00,340.25058229330455,98.88709678919963,241.56967738196195,287.0024879732905
0411-07-02 12:00:00,340.25058229330455,99.04246694368334,241.19936373200483,286.9260328425509
0412-07-02 12:00:00,340.25058229330455,98.4618501510907,241.29076584045018,286.9561210884681
0413-07-02 12:00:00,340.25058229330455,99.24581502348617,241.37069071907993,286.88749616492726
0414-07-02 12:00:00,340.25058229330455,98.84533573128182,241.11355400558173,286.8982559621941
0415-07-02 12:00:00,340.25058229330455,99.22883255828798,241.15662153186608,286.9134222430272
0416-07-02 12:00:00,340.25058229330455,99.02837136623698,241.21532682365145,286.8606131366563
0417-07-02 12:00:00,340.25058229330455,98.55814734156068,241.2164373701885,286.8560527371197
0418-07-02 12:00:00,340.25058229330455,98.69407939720223,241.1061212507786,287.05494935996427
0419-07-02 12:00:00,340.25058229330455,99.66457043211311,241.821551173114,287.11690880138326
0420-07-02 12:00:00,340.25058229330455,98.36186944514344,241.3698077095978,286.94106817655575
0421-07-02 12:00:00,340.25058229330455,98.7435932506347,241.65027011840994,287.0270158854981
0422-07-02 12:00:00,340.25058229330455,98.96492737027599,241.6420261765205,287.05839858027156
0423-07-02 12:00:00,340.25058229330455,99.53612335739614,241.1881378835749,286.8588073502076
0424-07-02 12:00:00,340.25058229330455,98.81977566333887,240.82082604059732,286.7851032545214
0425-07-02 12:00:00,340.25058229330455,98.83373505833298,241.4537064422285,286.91283259503234
0426-07-02 12:00:00,340.25058229330455,99.2304699423466,241.39094978013622,286.8629826083416
0427-07-02 12:00:00,340.25058229330455,99.43538791687509,241.00594508721193,286.7734041580065
0428-07-02 12:00:00,340.25058229330455,98.46989762116021,241.18489242313964,286.90601083792234
0429-07-02 12:00:00,340.25058229330455,98.91798154498333,241.4745765923925,287.0351610983093
0430-07-02 12:00:00,340.25058229330455,98.59120784240764,241.46795859096423,286.97232943542423
0431-07-02 12:00:00,340.25058229330455,98.75503202601332,241.3783191609572,286.9559289875854
0432-07-02 12:00:00,340.25058229330455,98.8351793894177,241.18598888269784,286.88940477143365
0433-07-02 12:00:00,340.25058229330455,99.04727145866117,241.50821163492046,286.93235576087324
0434-07-02 12:00:00,340.25058229330455,98.96722094616332,241.09563625055475,286.8488859508737
0435-07-02 12:00:00,340.25058229330455,99.2519260657837,241.1089871747171,286.70670667154275
0436-07-02 12:00:00,340.25058229330455,98.94650747829098,241.24906344732665,286.8374627497822
0437-07-02 12:00:00,340.25058229330455,99.33406703863169,240.91881191330154,286.78948534835934
0438-07-02 12:00:00,340.25058229330455,98.81444813611624,241.17650803620128,286.9088654625395
0439-07-02 12:00:00,340.25058229330455,99.3379226091443,241.46356033668476,286.9918492616199
0440-07-02 12:00:00,340.25058229330455,99.1490154150257,241.20978226546097,286.88600625609655
0441-07-02 12:00:00,340.25058229330455,98.62199983554153,240.8983232075426,286.8223526917736
0442-07-02 12:00:00,340.25058229330455,98.457694971875,241.36451608845073,287.05842023794645
0443-07-02 12:00:00,340.25058229330455,99.37976527865442,241.59217854994006,287.0659674398776
0444-07-02 12:00:00,340.25058229330455,98.93649675064387,241.04363343471482,286.7757240102732
0445-07-02 12:00:00,340.25058229330455,98.84722207258476,240.880297110076,286.7270223728171
0446-07-02 12:00:00,340.25058229330455,99.25224888474541,241.06700555792585,286.9249414832562
0447-07-02 12:00:00,340.25058229330455,98.88891450410874,241.35373430372383,286.9292028517021
0448-07-02 12:00:00,340.25058229330455,98.47449494978075,241.22828632529078,286.9416982152662
0449-07-02 12:00:00,340.25058229330455,98.64181312898216,241.28348886211805,287.005418910237
0450-07-02 12:00:00,340.25058229330455,99.09493740793359,241.2735560836675,286.9906262430596
0451-07-02 12:00:00,340.25058229330455,98.45971194168885,241.5757774720888,287.0438897096073
0452-07-02 12:00:00,340.25058229330455,98.8695736305653,241.7187463213942,287.05753863219394
0453-07-02 12:00:00,340.25058229330455,98.88009862959517,241.26984744352015,287.00613650807446
0454-07-02 12:00:00,340.25058229330455,98.32453434021136,241.62282597154066,287.0775088706453
0455-07-02 12:00:00,340.25058229330455,98.35272338306066,241.62135643285936,287.1046350514618
0456-07-02 12:00:00,340.25058229330455,98.49170423328864,241.56126140038228,287.1367382747132
0457-07-02 12:00:00,340.25058229330455,98.69898850944237,241.70886443395452,287.1830939245435
0458-07-02 12:00:00,340.25058229330455,98.80323987522034,241.73616989527636,287.1257255249263
0459-07-02 12:00:00,340.25058229330455,98.62148471031163,241.47056439091884,286.8987443173981
0460-07-02 12:00:00,340.25058229330455,99.03609551556859,241.17157625468903,286.9348804361697
0461-07-02 12:00:00,340.25058229330455,98.88300834687094,241.45121182383397,286.93440226268183
0462-07-02 12:00:00,340.25058229330455,98.20156130307332,241.33074728640892,287.0214553388406
0463-07-02 12:00:00,340.25058229330455,98.8483332901087,241.60809553585875,287.03598733823594
0464-07-02 12:00:00,340.25058229330455,98.8280841277986,241.6126459348153,287.12877360769926
0465-07-02 12:00:00,340.25058229330455,98.8052608560972,241.75564526793687,287.0344852407242
0466-07-02 12:00:00,340.25058229330455,98.96287539446065,241.18852826938223,286.96210018415724
0467-07-02 12:00:00,340.25058229330455,98.91332257483195,241.4110093846035,287.0958944607307
0468-07-02 12:00:00,340.25058229330455,98.78156335572133,241.47454002933128,287.0061038832054
0469-07-02 12:00:00,340.25058229330455,98.64902987772138,241.45710292851356,287.1188760051731
0470-07-02 12:00:00,340.25058229330455,99.06139745913974,241.57858187520125,287.01378473238805
0471-07-02 12:00:00,340.25058229330455,98.73924643897772,241.2226256896473,286.94161826128345
0472-07-02 12:00:00,340.25058229330455,99.31194873682317,241.1459196515685,286.96619499090747
0473-07-02 12:00:00,340.25058229330455,98.9717242722415,241.54266252385176,287.0410739663624
0474-07-02 12:00:00,340.25058229330455,98.75561859959844,241.4918987414391,287.0133325218528
0475-07-02 12:00:00,340.25058229330455,98.83948847426666,241.5877735987066,287.0898019428214
0476-07-02 12:00:00,340.25058229330455,99.04835719673828,241.2196170007735,286.92300659706007
0477-07-02 12:00:00,340.25058229330455,99.14754885789961,241.25344142443237,286.9158440691182
0478-07-02 12:00:00,340.25058229330455,98.89770517093088,241.0617752775321,286.85078829886777
0479-07-02 12:00:00,340.25058229330455,99.02757240933663,241.06880747102113,286.90439739566824
0480-07-02 12:00:00,340.25058229330455,99.18929999114208,241.02531755717555,286.89628029336455
0481-07-02 12:00:00,340.25058229330455,99.14546574403921,240.99984958012814,286.8876133044326
0482-07-02 12:00:00,340.25058229330455,98.79136256164588,241.09648104323844,286.88453192113485
0483-07-02 12:00:00,340.25058229330455,98.62564501683244,241.52952356909336,287.0687690666236
0484-07-02 12:00:00,340.25058229330455,99.14568579673362,241.20162296921083,286.8842226414974
0485-07-02 12:00:00,340.25058229330455,98.73926277869947,241.29255218900414,286.93115588530856
0486-07-02 12:00:00,340.25058229330455,99.66094175230687,241.22136338203424,286.8530578867831
0487-07-02 12:00:00,340.25058229330455,99.03791407975001,240.8699754034717,286.7817312551701
0488-07-02 12:00:00,340.25058229330455,99.51873852497032,241.42650284091602,286.9054082792121
0489-07-02 12:00:00,340.25058229330455,99.22477338404404,240.99783333906035,286.792824760504
0490-07-02 12:00:00,340.25058229330455,98.92459317972818,241.063859351926,286.7891736108466
0491-07-02 12:00:00,340.25058229330455,98.49454115819259,241.47364891392294,286.9670283753657
0492-07-02 12:00:00,340.25058229330455,98.40987321772207,241.54110982093152,287.01882883589695
0493-07-02 12:00:00,340.25058229330455,99.11148145796733,241.511275624212,287.03611129961604
0494-07-02 12:00:00,340.25058229330455,98.47923177321847,241.21088189480497,287.06042177431925
0495-07-02 12:00:00,340.25058229330455,99.43009268243038,241.67700024964424,287.1215318473619
0496-07-02 12:00:00,340.25058229330455,98.91131945290425,241.04636796854643,286.86747037764457
0497-07-02 12:00:00,340.25058229330455,99.13765316340407,241.29420970317042,286.9444535340706
0498-07-02 12:00:00,340.25058229330455,98.8627869384029,241.0509025821785,286.9234676971751
0499-07-02 12:00:00,340.25058229330455,98.50452770193384,241.16869920466456,286.93280972333145
0500-07-02 12:00:00,340.25058229330455,99.31459153173499,241.35396958856188,286.81900414690625
